 dgnscd  | p_count                    dgnscd | p_count dgnscd | p_count
---------+-----------------+-----------------+---------
 5853    |   77037 5854   |   25265 5854   |   26252
 4019    |   54162 4019   |   18874 4019   |   19863
 4011    |   47586 4011   |   15887 4011   |   16324
 2724    |   41430 25000  |   13470 25000  |   13971
 25000   |   37417 5853   |   13444 5859   |   13847
 V0481   |   36672 5859   |   13273 5853   |   13589
 2859    |   29486 2859   |   12870 2724   |   13494
 5859    |   25438 2724   |   12766 2859   |   13198
 78605   |   24573 4280   |   10551 4280   |   10834
 78079   |   24300 28521  |   10413 78605  |   10658
 7295    |   24164 V0481  |   10180 5849   |   10397
 41401   |   22395 78605  |   10175 28521  |   10395
 4280    |   21976 5849   |   10026 V0481  |   10122
 78650   |   21698 78079  |    9133 78079  |    9381
 41400   |   20707 7295   |    8814 7295   |    9068
 5990    |   20676 5939   |    8752 7823   |    9048
 2720    |   20523 78650  |    8557 78650  |    8787
 7823    |   20036 7823   |    8432 5939   |    8493
 5849    |   19532 41401  |    8360 41401  |    8439
 V5869   |   19171 5990   |    7968 5990   |    8296
 5939    |   18943 41400  |    7892 41400  |    8223
 2449    |   18236 42731  |    6975 42731  |    7387
 42731   |   18036 78609  |    6745 78609  |    7092
 1101    |   16578 586    |    6676 40390  |    6997
 28521   |   16177 40390  |    6248 586    |    6688
 78609   |   15713 2720   |    6201 2449   |    6448
 496     |   15358 V5869  |    6164 1101   |    6301
 7862    |   15208 1101   |    6125 V5869  |    6215
 25002   |   15006 2449   |    6085 2720   |    6211
 2689    |   14830 496    |    5834 496    |    5999
 40390   |   13927 25002  |    5681 7862   |    5849
 78900   |   13617 7862   |    5575 25002  |    5677
 5854    |   13444 58881  |    5403 58881  |    5621
 53081   |   13335 78900  |    5325 2689   |    5608
 2722    |   13309 2767   |    5257 78900  |    5416
 7242    |   12591 486    |    5009 2767   |    5285
 4439    |   12269 5119   |    4941 5119   |    5251
 36616   |   12005 25040  |    4933 25040  |    5225
 486     |   10970 4293   |    4853 486    |    5207
 V7612   |   10863 2689   |    4819 4439   |    5026
 4240    |   10629 4439   |    4794 4293   |    4939
 25040   |   10623 5856   |    4666 5856   |    4867
 4293    |   10566 2809   |    4564 53081  |    4503
 7020    |   10450 4240   |    4230 2809   |    4377
 586     |   10146 53081  |    4028 79319  |    4351
 7804    |   10099 72981  |    4001 4240   |    4345
 79431   |    9955 79431  |    3926 72981  |    4332
 2809    |    9825 7910   |    3837 79431  |    4294
 5119    |    9669 78097  |    3785 7910   |    4192
 2767    |    9639 2722   |    3759 2722   |    4110
 72981   |    9436 7242   |    3678 78097  |    3987
 40310   |    9210 5180   |    3606 7242   |    3912
 7910    |    9137 40310  |    3574 40310  |    3901
 V431    |    8926 5855   |    3554 5180   |    3817
 V5861   |    8876 27651  |    3503 27651  |    3675
 71946   |    8758 V5881  |    3458 V5881  |    3619
 7906    |    8616 51889  |    3452 5855   |    3571
 43310   |    8570 7906   |    3436 36616  |    3551
 27651   |    8517 36616  |    3403 7906   |    3537
 51889   |    8506 7804   |    3363 7804   |    3526
 4241    |    8392 V5861  |    3246 2749   |    3465
 4660    |    8153 4241   |    3236 514    |    3379
 78097   |    8121 2749   |    3195 4241   |    3365
 5180    |    8067 514    |    3172 V5861  |    3309
 71945   |    8001 51881  |    3144 51881  |    3270
 58881   |    7863 4254   |    3066 78060  |    3210
 2749    |    7613 78060  |    3060 4254   |    3198
 25060   |    7523 42789  |    3045 42789  |    3140
 42789   |    7463 7931   |    2971 25060  |    3111
 78791   |    7440 4589   |    2942 V431   |    3093
 71590   |    7332 43310  |    2896 78791  |    3089
 7802    |    7332 78791  |    2895 4589   |    3088
 7245    |    7294 V431   |    2893 43310  |    3049
 73300   |    7192 25060  |    2855 51889  |    3043
 56400   |    7103 2768   |    2825 2768   |    2927
 4254    |    7088 7802   |    2824 7802   |    2901
 78060   |    7064 71945  |    2715 71945  |    2887
 311     |    7038 78701  |    2713 2762   |    2882
 V700    |    7034 7020   |    2709 56400  |    2869
 7840    |    7012 71946  |    2703 7812   |    2865
 7812    |    6927 79902  |    2642 78701  |    2827
 5852    |    6883 40391  |    2634 79902  |    2819
 60000   |    6841 4660   |    2621 7020   |    2804
 7931    |    6823 V7612  |    2583 71946  |    2801
 56210   |    6734 2762   |    2563 311    |    2675
 2768    |    6676 7812   |    2551 78659  |    2657
 72252   |    6674 V7283  |    2525 V7612  |    2607
 4589    |    6626 56400  |    2509 4660   |    2596
 78659   |    6603 78659  |    2491 5932   |    2582
 2382    |    6534 7245   |    2476 40391  |    2553
 V5881   |    6443 25001  |    2447 V7283  |    2546
 71941   |    6319 7840   |    2442 7245   |    2545
 78701   |    6203 4010   |    2440 4010   |    2539
 51881   |    6079 311    |    2437 7840   |    2515
 73390   |    6064 5932   |    2389 72887  |    2448
 514     |    5992 4149   |    2307 25001  |    2380
 5932    |    5989 71590  |    2263 V700   |    2369
 4010    |    5969 78009  |    2242 71590  |    2352
 79902   |    5914 42781  |    2176 78009  |    2335
 42781   |    5733 4242   |    2153 42781  |    2244
 7231    |    5665
 3804    |    5663
 36251   |    5650
 4149    |    5632
 36511   |    5579
 25001   |    5562
 37515   |    5398
 4659    |    5392
 V4501   |    5349
 2761    |    5296
 72887   |    5294
 4242    |    5267
 27800   |    5252
 44020   |    5172
 32723   |    5162
 70219   |    5098
 V7283   |    5069
 49121   |    5068
 V7644   |    5057
 7213    |    5034
 V7281   |    4999
 4279    |    4971
 71596   |    4933
 7030    |    4930
 30000   |    4849
 60001   |    4836
 78720   |    4813
 7244    |    4798
 59970   |    4795
 78009   |    4793
 6929    |    4724
 7038    |    4662
 78702   |    4588
 78909   |    4582
 25070   |    4534
 4779    |    4526
 79029   |    4521
 5789    |    4500
 V4581   |    4442
 2113    |    4425
 4148    |    4405
 78841   |    4395
 4139    |    4390
 25050   |    4376
 72402   |    4339
 71947   |    4273
 43491   |    4264
 2948    |    4244
 7851    |    4220
 71516   |    4215
 436     |    4186
 40210   |    4168
 3569    |    4160
 V1083   |    4140
 25042   |    4133
 7197    |    4114
 185     |    4108
 7291    |    4078
 49390   |    4025
 78321   |    3976
 28860   |    3934
 37921   |    3893
 5856    |    3871
 78907   |    3863
 78820   |    3841
 28529   |    3837
 6826    |    3817
 99591   |    3759
 2762    |    3713
 36201   |    3703
 7993    |    3677
 0389    |    3673
 7881    |    3658
 78052   |    3645
 95901   |    3625
 5920    |    3625
 3572    |    3580
 6829    |    3542
 V5883   |    3538
 2662    |    3528
 4359    |    3486
 4619    |    3477
 7850    |    3476
 7820    |    3450
 70211   |    3431
 79093   |    3409
 5533    |    3395
 7859    |    3382
 53550   |    3368
 V7651   |    3354
 4168    |    3345
 78651   |    3345
 E8889   |    3332
 412     |    3322
 44021   |    3314
 36653   |    3309
 2875    |    3252
 3310    |    3243
 45981   |    3241
 25080   |    3211
 V7284   |    3155
 2851    |    3154
 V5882   |    3121
 5589    |    3114
 57420   |    3103
 
 
 
 5853    |   85044
 4019    |   60788
 4011    |   51528
 2724    |   46908
 25000   |   40888
 V0481   |   39983
 2859    |   31622
 5859    |   27692
 78605   |   27068
 7295    |   26647
 78079   |   26579
 41401   |   24018
 78650   |   23969
 4280    |   23650
 41400   |   22841
 5990    |   22778
 7823    |   21972
 2720    |   21796
 5849    |   21197
 V5869   |   20809
 2449    |   20752
 42731   |   20276
 5939    |   18929
 1101    |   18198
 2689    |   18042
 78609   |   17437
 7862    |   17073
 496     |   16985
 40390   |   16362
 28521   |   16263
 25002   |   15886
 53081   |   15626
 2722    |   15076
 78900   |   14830
 7242    |   14192
 5854    |   13589
 4439    |   13396
 36616   |   13138
 486     |   12063
 25040   |   11894
 7020    |   11690
 V7612   |   11575
 4240    |   11362
 7804    |   11300
 79431   |   11179
 4293    |   11135
 5119    |   10757
 72981   |   10608
 V431    |   10454
 40310   |   10452
 V700    |   10417
 79319   |   10386
 2809    |   10286
 586     |   10230